# Configuration for bot
OWMTOKEN=111
TGTOKEN=222
TGCHATID=333
#log_dir=/var/log/weather_bot/

Parnas=60.077000 30.341427
Lebyazhie=59.962101 29.418289
